0.00100       967273899752990762336256.00000
0.00589       558686361448481.81250
0.01077       395743701331.88202
0.01566       4448273717.78469
0.02055       171058126.08423
0.02543       13253151.56909
0.03032       1619157.89470 
0.03521       273450.57896  
0.04009       59135.61307   
0.04498       15636.00928   
0.04987       4910.69088    
0.05475       1795.05178    
0.05964       749.96921     
0.06453       351.04509     
0.06941       179.93438     
0.07430       98.52164      
0.07919       56.14637      
0.08407       32.35686      
0.08896       18.14302      
0.09385       9.20957       
0.09873       3.35998       
0.10362       -0.26425      
0.10851       -2.75150      
0.11339       -4.56381      
0.11828       -5.90215      
0.12317       -6.87375      
0.12805       -7.74098      
0.13294       -8.58675      
0.13783       -9.37862      
0.14271       -10.11751     
0.14760       -10.78683     
0.15248       -11.38312     
0.15737       -11.90158     
0.16226       -12.33372     
0.16714       -12.67951     
0.17203       -12.93356     
0.17692       -13.10341     
0.18180       -13.18554     
0.18669       -13.18916     
0.19158       -13.11680     
0.19646       -12.97749     
0.20135       -12.77850     
0.20624       -12.52912     
0.21112       -12.24107     
0.21601       -11.92183     
0.22090       -11.58346     
0.22578       -11.23333     
0.23067       -10.87988     
0.23556       -10.53126     
0.24044       -10.19305     
0.24533       -9.87060      
0.25022       -9.56699      
0.25510       -9.28408      
0.25999       -9.02291      
0.26488       -8.78250      
0.26976       -8.56348      
0.27465       -8.36224      
0.27954       -8.17845      
0.28442       -8.00900      
0.28931       -7.85103      
0.29420       -7.70253      
0.29908       -7.56177      
0.30397       -7.42632      
0.30886       -7.29459      
0.31374       -7.16512      
0.31863       -7.03690      
0.32352       -6.90786      
0.32840       -6.77788      
0.33329       -6.64611      
0.33818       -6.51278      
0.34306       -6.37800      
0.34795       -6.24182      
0.35284       -6.10383      
0.35772       -5.96425      
0.36261       -5.82328      
0.36750       -5.68052      
0.37238       -5.53625      
0.37727       -5.39044      
0.38216       -5.24234      
0.38704       -5.09286      
0.39193       -4.94270      
0.39682       -4.79110      
0.40170       -4.63869      
0.40659       -4.48511      
0.41148       -4.33119      
0.41636       -4.17679      
0.42125       -4.02268      
0.42613       -3.86856      
0.43102       -3.71520      
0.43591       -3.56337      
0.44079       -3.41269      
0.44568       -3.26328      
0.45057       -3.11642      
0.45545       -2.97192      
0.46034       -2.83145      
0.46523       -2.69334      
0.47011       -2.56056      
0.47500       -2.43222      
0.47989       -2.30845      
0.48477       -2.19025      
0.48966       -2.07686      
0.49455       -1.97006      
0.49943       -1.86954      
0.50432       -1.77596      
0.50921       -1.68839      
0.51409       -1.60812      
0.51898       -1.53553      
0.52387       -1.46967      
0.52875       -1.41006      
0.53364       -1.35779      
0.53853       -1.31161      
0.54341       -1.27231      
0.54830       -1.23902      
0.55319       -1.21161      
0.55807       -1.18941      
0.56296       -1.17268      
0.56785       -1.16051      
0.57273       -1.15235      
0.57762       -1.14871      
0.58251       -1.14808      
0.58739       -1.15075      
0.59228       -1.15570      
0.59717       -1.16326      
0.60205       -1.17219      
0.60694       -1.18221      
0.61183       -1.19387      
0.61671       -1.20587      
0.62160       -1.21798      
0.62649       -1.23003      
0.63137       -1.24200      
0.63626       -1.25312      
0.64115       -1.26421      
0.64603       -1.27382      
0.65092       -1.28197      
0.65581       -1.28907      
0.66069       -1.29430      
0.66558       -1.29757      
0.67047       -1.29968      
0.67535       -1.29943      
0.68024       -1.29764      
0.68513       -1.29365      
0.69001       -1.28771      
0.69490       -1.27994      
0.69978       -1.27003      
0.70467       -1.25823      
0.70956       -1.24448      
0.71444       -1.22931      
0.71933       -1.21227      
0.72422       -1.19356      
0.72910       -1.17339      
0.73399       -1.15214      
0.73888       -1.12980      
0.74376       -1.10624      
0.74865       -1.08195      
0.75354       -1.05706      
0.75842       -1.03165      
0.76331       -1.00608      
0.76820       -0.97976      
0.77308       -0.95348      
0.77797       -0.92736      
0.78286       -0.90164      
0.78774       -0.87645      
0.79263       -0.85169      
0.79752       -0.82704      
0.80240       -0.80350      
0.80729       -0.78069      
0.81218       -0.75877      
0.81706       -0.73765      
0.82195       -0.71818      
0.82684       -0.69978      
0.83172       -0.68232      
0.83661       -0.66634      
0.84150       -0.65147      
0.84638       -0.63798      
0.85127       -0.62555      
0.85616       -0.61473      
0.86104       -0.60503      
0.86593       -0.59643      
0.87082       -0.58894      
0.87570       -0.58257      
0.88059       -0.57730      
0.88548       -0.57277      
0.89036       -0.56909      
0.89525       -0.56629      
0.90014       -0.56412      
0.90502       -0.56236      
0.90991       -0.56116      
0.91480       -0.56036      
0.91968       -0.55997      
0.92457       -0.55951      
0.92946       -0.55932      
0.93434       -0.55916      
0.93923       -0.55903      
0.94412       -0.55854      
0.94900       -0.55807      
0.95389       -0.55746      
0.95878       -0.55651      
0.96366       -0.55520      
0.96855       -0.55362      
0.97343       -0.55144      
0.97832       -0.54904      
0.98321       -0.54634      
0.98809       -0.54315      
0.99298       -0.53925      
0.99787       -0.53520      
1.00275       -0.53047      
1.00764       -0.52556      
1.01253       -0.51993      
1.01741       -0.51424      
1.02230       -0.50813      
1.02719       -0.50201      
1.03207       -0.49523      
1.03696       -0.48846      
1.04185       -0.48139      
1.04673       -0.47397      
1.05162       -0.46658      
1.05651       -0.45922      
1.06139       -0.45152      
1.06628       -0.44385      
1.07117       -0.43618      
1.07605       -0.42823      
1.08094       -0.42029      
1.08583       -0.41200      
1.09071       -0.40380      
1.09560       -0.39542      
1.10049       -0.38669      
1.10537       -0.37837      
1.11026       -0.36948      
1.11515       -0.36072      
1.12003       -0.35231      
1.12492       -0.34359      
1.12981       -0.33506      
1.13469       -0.32696      
1.13958       -0.31862      
1.14447       -0.31085      
1.14935       -0.30330      
1.15424       -0.29588      
1.15913       -0.28925      
1.16401       -0.28284      
1.16890       -0.27682      
1.17379       -0.27136      
1.17867       -0.26634      
1.18356       -0.26145      
1.18845       -0.25703      
1.19333       -0.25303      
1.19822       -0.24906      
1.20311       -0.24551      
1.20799       -0.24198      
1.21288       -0.23885      
1.21777       -0.23557      
1.22265       -0.23269      
1.22754       -0.22985      
1.23243       -0.22705      
1.23731       -0.22428      
1.24220       -0.22154      
1.24709       -0.21922      
1.25197       -0.21655      
1.25686       -0.21392      
1.26174       -0.21133      
1.26663       -0.20907      
1.27152       -0.20661      
1.27640       -0.20412      
1.28129       -0.20166      
1.28618       -0.19885      
1.29106       -0.19646      
1.29595       -0.19410      
1.30084       -0.19177      
1.30572       -0.18934      
1.31061       -0.18684      
1.31550       -0.18423      
1.32038       -0.18166      
1.32527       -0.17907      
1.33016       -0.17639      
1.33504       -0.17337      
1.33993       -0.17039      
1.34482       -0.16743      
1.34970       -0.16450      
1.35459       -0.16161      
1.35948       -0.15874      
1.36436       -0.15553      
1.36925       -0.15272      
1.37414       -0.14994      
1.37902       -0.14719      
1.38391       -0.14484      
1.38880       -0.14252      
1.39368       -0.14073      
1.39857       -0.13967      
1.40346       -0.14704      
1.40834       -0.14536      
1.41323       -0.14372      
1.41812       -0.14209      
1.42300       -0.14049      
1.42789       -0.13892      
1.43278       -0.13737      
1.43766       -0.13584      
1.44255       -0.13433      
1.44744       -0.13285      
1.45232       -0.13139      
1.45721       -0.12995      
1.46210       -0.12853      
1.46698       -0.12713      
1.47187       -0.12575      
1.47676       -0.12439      
1.48164       -0.12306      
1.48653       -0.12174      
1.49142       -0.12044      
1.49630       -0.11916      
1.50119       -0.11789      
1.50608       -0.11665      
1.51096       -0.11542      
1.51585       -0.11421      
1.52074       -0.11302      
1.52562       -0.11184      
1.53051       -0.11068      
1.53539       -0.10954      
1.54028       -0.10841      
1.54517       -0.10729      
1.55005       -0.10620      
1.55494       -0.10511      
1.55983       -0.10405      
1.56471       -0.10299      
1.56960       -0.10195      
1.57449       -0.10093      
1.57937       -0.09992      
1.58426       -0.09892      
1.58915       -0.09793      
1.59403       -0.09696      
1.59892       -0.09600      
1.60381       -0.09506      
1.60869       -0.09412      
1.61358       -0.09320      
1.61847       -0.09229      
1.62335       -0.09139      
1.62824       -0.09051      
1.63313       -0.08963      
1.63801       -0.08877      
1.64290       -0.08792      
1.64779       -0.08708      
1.65267       -0.08625      
1.65756       -0.08543      
1.66245       -0.08462      
1.66733       -0.08382      
1.67222       -0.08303      
1.67711       -0.08225      
1.68199       -0.08148      
1.68688       -0.08072      
1.69177       -0.07997      
1.69665       -0.07923      
1.70154       -0.07850      
1.70643       -0.07777      
1.71131       -0.07706      
1.71620       -0.07635      
1.72109       -0.07565      
1.72597       -0.07497      
1.73086       -0.07429      
1.73575       -0.07361      
1.74063       -0.07295      
1.74552       -0.07229      
1.75041       -0.07165      
1.75529       -0.07101      
1.76018       -0.07037      
1.76507       -0.06975      
1.76995       -0.06913      
1.77484       -0.06852      
1.77973       -0.06792      
1.78461       -0.06732      
1.78950       -0.06673      
1.79439       -0.06615      
1.79927       -0.06557      
1.80416       -0.06500      
1.80904       -0.06444      
1.81393       -0.06388      
1.81882       -0.06333      
1.82370       -0.06279      
1.82859       -0.06225      
1.83348       -0.06172      
1.83836       -0.06120      
1.84325       -0.06068      
1.84814       -0.06016      
1.85302       -0.05966      
1.85791       -0.05915      
1.86280       -0.05866      
1.86768       -0.05817      
1.87257       -0.05768      
1.87746       -0.05720      
1.88234       -0.05673      
1.88723       -0.05626      
1.89212       -0.05579      
1.89700       -0.05533      
1.90189       -0.05488      
1.90678       -0.05443      
1.91166       -0.05399      
1.91655       -0.05355      
1.92144       -0.05311      
1.92632       -0.05268      
1.93121       -0.05226      
1.93610       -0.05184      
1.94098       -0.05142      
1.94587       -0.05101      
1.95076       -0.05060      
1.95564       -0.05020      
1.96053       -0.04980      
1.96542       -0.04940      
1.97030       -0.04901      
1.97519       -0.04862      
1.98008       -0.04824      
1.98496       -0.04786      
1.98985       -0.04749      
1.99474       -0.04712      
1.99962       -0.04675      
2.00451       -0.04639      
2.00940       -0.04603      
2.01428       -0.04567      
2.01917       -0.04532      
2.02406       -0.04497      
2.02894       -0.04463      
2.03383       -0.04429      
2.03872       -0.04395      
2.04360       -0.04361      
2.04849       -0.04328      
2.05338       -0.04295      
2.05826       -0.04263      
2.06315       -0.04231      
2.06804       -0.04199      
2.07292       -0.04168      
2.07781       -0.04136      
2.08270       -0.04105      
2.08758       -0.04075      
2.09247       -0.04045      
2.09735       -0.04015      
2.10224       -0.03985      
2.10713       -0.03956      
2.11201       -0.03926      
2.11690       -0.03898      
2.12179       -0.03869      
2.12667       -0.03841      
2.13156       -0.03813      
2.13645       -0.03785      
2.14133       -0.03758      
2.14622       -0.03731      
2.15111       -0.03704      
2.15599       -0.03677      
2.16088       -0.03650      
2.16577       -0.03624      
2.17065       -0.03598      
2.17554       -0.03573      
2.18043       -0.03547      
2.18531       -0.03522      
2.19020       -0.03497      
2.19509       -0.03472      
2.19997       -0.03448      
2.20486       -0.03424      
2.20975       -0.03400      
2.21463       -0.03376      
2.21952       -0.03352      
2.22441       -0.03329      
2.22929       -0.03306      
2.23418       -0.03283      
2.23907       -0.03260      
2.24395       -0.03237      
2.24884       -0.03215      
2.25373       -0.03193      
2.25861       -0.03171      
2.26350       -0.03149      
2.26839       -0.03128      
2.27327       -0.03107      
2.27816       -0.03085      
2.28305       -0.03064      
2.28793       -0.03044      
2.29282       -0.03023      
2.29771       -0.03003      
2.30259       -0.02982      
2.30748       -0.02962      
2.31237       -0.02943      
2.31725       -0.02923      
2.32214       -0.02903      
2.32703       -0.02884      
2.33191       -0.02865      
2.33680       -0.02846      
2.34169       -0.02827      
2.34657       -0.02808      
2.35146       -0.02790      
2.35635       -0.02772      
2.36123       -0.02753      
2.36612       -0.02735      
2.37100       -0.02717      
2.37589       -0.02700      
2.38078       -0.02682      
2.38566       -0.02665      
2.39055       -0.02648      
2.39544       -0.02630      
2.40032       -0.02613      
2.40521       -0.02597      
2.41010       -0.02580      
2.41498       -0.02563      
2.41987       -0.02547      
2.42476       -0.02531      
2.42964       -0.02515      
2.43453       -0.02499      
2.43942       -0.02483      
2.44430       -0.02467      
2.44919       -0.02451      
2.45408       -0.02436      
2.45896       -0.02421      
2.46385       -0.02405      
2.46874       -0.02390      
2.47362       -0.02375      
2.47851       -0.02361      
2.48340       -0.02346      
2.48828       -0.02331      
2.49317       -0.02317      
2.49806       -0.02302      
2.50294       -0.02288      
2.50783       -0.02274      
2.51272       -0.02260      
2.51760       -0.02246      
2.52249       -0.02232      
2.52738       -0.02219      
2.53226       -0.02205      
2.53715       -0.02192      
2.54204       -0.02178      
2.54692       -0.02165      
2.55181       -0.02152      
2.55670       -0.02139      
2.56158       -0.02126      
2.56647       -0.02113      
2.57136       -0.02101      
2.57624       -0.02088      
2.58113       -0.02075      
2.58602       -0.02063      
2.59090       -0.02051      
2.59579       -0.02038      
2.60068       -0.02026      
2.60556       -0.02014      
2.61045       -0.02002      
2.61534       -0.01990      
2.62022       -0.01979      
2.62511       -0.01967      
2.63000       -0.01955      
2.63488       -0.01944      
2.63977       -0.01933      
2.64465       -0.01921      
2.64954       -0.01910      
2.65443       -0.01899      
2.65931       -0.01888      
2.66420       -0.01877      
2.66909       -0.01866      
2.67397       -0.01855      
2.67886       -0.01845      
2.68375       -0.01834      
2.68863       -0.01823      
2.69352       -0.01813      
2.69841       -0.01803      
2.70329       -0.01792      
2.70818       -0.01782      
2.71307       -0.01772      
2.71795       -0.01762      
2.72284       -0.01752      
2.72773       -0.01742      
2.73261       -0.01732      
2.73750       -0.01722      
2.74239       -0.01712      
2.74727       -0.01703      
2.75216       -0.01693      
2.75705       -0.01684      
2.76193       -0.01674      
2.76682       -0.01665      
2.77171       -0.01656      
2.77659       -0.01646      
2.78148       -0.01637      
2.78637       -0.01628      
2.79125       -0.01619      
2.79614       -0.01610      
2.80103       -0.01601      
2.80591       -0.01592      
2.81080       -0.01584      
2.81569       -0.01575      
2.82057       -0.01566      
2.82546       -0.01558      
2.83035       -0.01549      
2.83523       -0.01541      
2.84012       -0.01532      
2.84501       -0.01524      
2.84989       -0.01516      
2.85478       -0.01508      
2.85967       -0.01499      
2.86455       -0.01491      
2.86944       -0.01483      
2.87433       -0.01475      
2.87921       -0.01467      
2.88410       -0.01460      
2.88899       -0.01452      
2.89387       -0.01444      
2.89876       -0.01436      
2.90365       -0.01429      
2.90853       -0.01421      
2.91342       -0.01413      
2.91830       -0.01406      
2.92319       -0.01399      
2.92808       -0.01391      
2.93296       -0.01384      
2.93785       -0.01377      
2.94274       -0.01369      
2.94762       -0.01362      
2.95251       -0.01355      
2.95740       -0.01348      
2.96228       -0.01341      
2.96717       -0.01334      
2.97206       -0.01327      
2.97694       -0.01320      
2.98183       -0.01313      
2.98672       -0.01306      
2.99160       -0.01300      
2.99649       -0.01293      
3.00138       -0.01286      
3.00626       -0.01280      
3.01115       -0.01273      
3.01604       -0.01266      
3.02092       -0.01260      
3.02581       -0.01254      
3.03070       -0.01247      
3.03558       -0.01241      
3.04047       -0.01234      
3.04536       -0.01228      
3.05024       -0.01222      
3.05513       -0.01216      
3.06002       -0.01210      
3.06490       -0.01204      
3.06979       -0.01197      
3.07468       -0.01191      
3.07956       -0.01185      
3.08445       -0.01180      
3.08934       -0.01174      
3.09422       -0.01168      
3.09911       -0.01162      
3.10400       -0.01156      
3.10888       -0.01150      
3.11377       -0.01145      
3.11866       -0.01139      
3.12354       -0.01133      
3.12843       -0.01128      
3.13332       -0.01122      
3.13820       -0.01117      
3.14309       -0.01111      
3.14798       -0.01106      
3.15286       -0.01100      
3.15775       -0.01095      
3.16264       -0.01089      
3.16752       -0.01084      
3.17241       -0.01079      
3.17730       -0.01074      
3.18218       -0.01068      
3.18707       -0.01063      
3.19196       -0.01058      
3.19684       -0.01053      
3.20173       -0.01048      
3.20661       -0.01043      
3.21150       -0.01038      
3.21639       -0.01033      
3.22127       -0.01028      
3.22616       -0.01023      
3.23105       -0.01018      
3.23593       -0.01013      
3.24082       -0.01008      
3.24571       -0.01003      
3.25059       -0.00999      
3.25548       -0.00994      
3.26037       -0.00989      
3.26525       -0.00984      
3.27014       -0.00980      
3.27503       -0.00975      
3.27991       -0.00971      
3.28480       -0.00966      
3.28969       -0.00961      
3.29457       -0.00957      
3.29946       -0.00952      
3.30435       -0.00948      
3.30923       -0.00943      
3.31412       -0.00939      
3.31901       -0.00935      
3.32389       -0.00930      
3.32878       -0.00926      
3.33367       -0.00922      
3.33855       -0.00917      
3.34344       -0.00913      
3.34833       -0.00909      
3.35321       -0.00905      
3.35810       -0.00901      
3.36299       -0.00896      
3.36787       -0.00892      
3.37276       -0.00888      
3.37765       -0.00884      
3.38253       -0.00880      
3.38742       -0.00876      
3.39231       -0.00872      
3.39719       -0.00868      
3.40208       -0.00864      
3.40697       -0.00860      
3.41185       -0.00856      
3.41674       -0.00852      
3.42163       -0.00849      
3.42651       -0.00845      
3.43140       -0.00841      
3.43629       -0.00837      
3.44117       -0.00833      
3.44606       -0.00830      
3.45095       -0.00826      
3.45583       -0.00822      
3.46072       -0.00818      
3.46561       -0.00815      
3.47049       -0.00811      
3.47538       -0.00808      
3.48026       -0.00804      
3.48515       -0.00800      
3.49004       -0.00797      
3.49492       -0.00793      
3.49981       -0.00790      
3.50470       -0.00786      
3.50958       -0.00783      
3.51447       -0.00779      
3.51936       -0.00776      
3.52424       -0.00772      
3.52913       -0.00769      
3.53402       -0.00766      
3.53890       -0.00762      
3.54379       -0.00759      
3.54868       -0.00756      
3.55356       -0.00752      
3.55845       -0.00749      
3.56334       -0.00746      
3.56822       -0.00743      
3.57311       -0.00739      
3.57800       -0.00736      
3.58288       -0.00733      
3.58777       -0.00730      
3.59266       -0.00727      
3.59754       -0.00724      
3.60243       -0.00720      
3.60732       -0.00717      
3.61220       -0.00714      
3.61709       -0.00711      
3.62198       -0.00708      
3.62686       -0.00705      
3.63175       -0.00702      
3.63664       -0.00699      
3.64152       -0.00696      
3.64641       -0.00693      
3.65130       -0.00690      
3.65618       -0.00687      
3.66107       -0.00684      
3.66596       -0.00681      
3.67084       -0.00679      
3.67573       -0.00676      
3.68062       -0.00673      
3.68550       -0.00670      
3.69039       -0.00667      
3.69528       -0.00664      
3.70016       -0.00662      
3.70505       -0.00659      
3.70994       -0.00656      
3.71482       -0.00653      
3.71971       -0.00651      
3.72460       -0.00648      
3.72948       -0.00645      
3.73437       -0.00643      
3.73926       -0.00640      
3.74414       -0.00637      
3.74903       -0.00635      
3.75391       -0.00632      
3.75880       -0.00629      
3.76369       -0.00627      
3.76857       -0.00624      
3.77346       -0.00622      
3.77835       -0.00619      
3.78323       -0.00616      
3.78812       -0.00614      
3.79301       -0.00611      
3.79789       -0.00609      
3.80278       -0.00606      
3.80767       -0.00604      
3.81255       -0.00601      
3.81744       -0.00599      
3.82233       -0.00597      
3.82721       -0.00594      
3.83210       -0.00592      
3.83699       -0.00589      
3.84187       -0.00587      
3.84676       -0.00585      
3.85165       -0.00582      
3.85653       -0.00580      
3.86142       -0.00578      
3.86631       -0.00575      
3.87119       -0.00573      
3.87608       -0.00571      
3.88097       -0.00568      
3.88585       -0.00566      
3.89074       -0.00564      
3.89563       -0.00562      
3.90051       -0.00559      
3.90540       -0.00557      
3.91029       -0.00555      
3.91517       -0.00553      
3.92006       -0.00550      
3.92495       -0.00548      
3.92983       -0.00546      
3.93472       -0.00544      
3.93961       -0.00542      
3.94449       -0.00540      
3.94938       -0.00538      
3.95427       -0.00535      
3.95915       -0.00533      
3.96404       -0.00531      
3.96893       -0.00529      
3.97381       -0.00527      
3.97870       -0.00525      
3.98359       -0.00523      
3.98847       -0.00521      
3.99336       -0.00519      
3.99825       -0.00517      
4.00313       -0.00515      
4.00802       -0.00513      
4.01291       -0.00511      
4.01779       -0.00509      
4.02268       -0.00507      
4.02757       -0.00505      
4.03245       -0.00503      
4.03734       -0.00501      
4.04222       -0.00499      
4.04711       -0.00497      
4.05200       -0.00495      
4.05688       -0.00493      
4.06177       -0.00492      
4.06666       -0.00490      
4.07154       -0.00488      
4.07643       -0.00486      
4.08132       -0.00484      
4.08620       -0.00482      
4.09109       -0.00480      
4.09598       -0.00479      
4.10086       -0.00477      
4.10575       -0.00475      
4.11064       -0.00473      
4.11552       -0.00471      
4.12041       -0.00470      
4.12530       -0.00468      
4.13018       -0.00466      
4.13507       -0.00464      
4.13996       -0.00463      
4.14484       -0.00461      
4.14973       -0.00459      
4.15462       -0.00457      
4.15950       -0.00456      
4.16439       -0.00454      
4.16928       -0.00452      
4.17416       -0.00451      
4.17905       -0.00449      
4.18394       -0.00447      
4.18882       -0.00446      
4.19371       -0.00444      
4.19860       -0.00442      
4.20348       -0.00441      
4.20837       -0.00439      
4.21326       -0.00437      
4.21814       -0.00436      
4.22303       -0.00434      
4.22792       -0.00432      
4.23280       -0.00431      
4.23769       -0.00429      
4.24258       -0.00428      
4.24746       -0.00426      
4.25235       -0.00425      
4.25724       -0.00423      
4.26212       -0.00421      
4.26701       -0.00420      
4.27190       -0.00418      
4.27678       -0.00417      
4.28167       -0.00415      
4.28656       -0.00414      
4.29144       -0.00412      
4.29633       -0.00411      
4.30122       -0.00409      
4.30610       -0.00408      
4.31099       -0.00406      
4.31587       -0.00405      
4.32076       -0.00403      
4.32565       -0.00402      
4.33053       -0.00401      
4.33542       -0.00399      
4.34031       -0.00398      
4.34519       -0.00396      
4.35008       -0.00395      
4.35497       -0.00393      
4.35985       -0.00392      
4.36474       -0.00391      
4.36963       -0.00389      
4.37451       -0.00388      
4.37940       -0.00386      
4.38429       -0.00385      
4.38917       -0.00384      
4.39406       -0.00382      
4.39895       -0.00381      
4.40383       -0.00380      
4.40872       -0.00378      
4.41361       -0.00377      
4.41849       -0.00376      
4.42338       -0.00374      
4.42827       -0.00373      
4.43315       -0.00372      
4.43804       -0.00370      
4.44293       -0.00369      
4.44781       -0.00368      
4.45270       -0.00366      
4.45759       -0.00365      
4.46247       -0.00364      
4.46736       -0.00363      
4.47225       -0.00361      
4.47713       -0.00360      
4.48202       -0.00359      
4.48691       -0.00358      
4.49179       -0.00356      
4.49668       -0.00355      
4.50157       -0.00354      
4.50645       -0.00353      
4.51134       -0.00351      
4.51623       -0.00350      
4.52111       -0.00349      
4.52600       -0.00348      
4.53089       -0.00347      
4.53577       -0.00345      
4.54066       -0.00344      
4.54555       -0.00343      
4.55043       -0.00342      
4.55532       -0.00341      
4.56021       -0.00339      
4.56509       -0.00338      
4.56998       -0.00337      
4.57487       -0.00336      
4.57975       -0.00335      
4.58464       -0.00334      
4.58952       -0.00333      
4.59441       -0.00331      
4.59930       -0.00330      
4.60418       -0.00329      
4.60907       -0.00328      
4.61396       -0.00327      
4.61884       -0.00326      
4.62373       -0.00325      
4.62862       -0.00324      
4.63350       -0.00323      
4.63839       -0.00321      
4.64328       -0.00320      
4.64816       -0.00319      
4.65305       -0.00318      
4.65794       -0.00317      
4.66282       -0.00316      
4.66771       -0.00315      
4.67260       -0.00314      
4.67748       -0.00313      
4.68237       -0.00312      
4.68726       -0.00311      
4.69214       -0.00310      
4.69703       -0.00309      
4.70192       -0.00308      
4.70680       -0.00307      
4.71169       -0.00306      
4.71658       -0.00305      
4.72146       -0.00304      
4.72635       -0.00303      
4.73124       -0.00302      
4.73612       -0.00301      
4.74101       -0.00300      
4.74590       -0.00299      
4.75078       -0.00298      
4.75567       -0.00297      
4.76056       -0.00296      
4.76544       -0.00295      
4.77033       -0.00294      
4.77522       -0.00293      
4.78010       -0.00292      
4.78499       -0.00291      
4.78988       -0.00290      
4.79476       -0.00289      
4.79965       -0.00288      
4.80454       -0.00287      
4.80942       -0.00286      
4.81431       -0.00285      
4.81920       -0.00284      
4.82408       -0.00283      
4.82897       -0.00283      
4.83386       -0.00282      
4.83874       -0.00281      
4.84363       -0.00280      
4.84852       -0.00279      
4.85340       -0.00278      
4.85829       -0.00277      
4.86317       -0.00276      
4.86806       -0.00275      
4.87295       -0.00274      
4.87783       -0.00274      
4.88272       -0.00273      
4.88761       -0.00272      
4.89249       -0.00271      
4.89738       -0.00270      
4.90227       -0.00269      
4.90715       -0.00268      
4.91204       -0.00267      
4.91693       -0.00267      
4.92181       -0.00266      
4.92670       -0.00265      
4.93159       -0.00264      
4.93647       -0.00263      
4.94136       -0.00262      
4.94625       -0.00262      
4.95113       -0.00261      
4.95602       -0.00260      
4.96091       -0.00259      
4.96579       -0.00258      
4.97068       -0.00257      
4.97557       -0.00257      
4.98045       -0.00256      
4.98534       -0.00255      
4.99023       -0.00254      
4.99511       -0.00253      
5.00000       -0.00253      
