0.00100       967273899752990762336256.00000
0.00589       558686362928168.68750
0.01077       395744647781.20270
0.01566       4448374050.63132
0.02055       171077792.36155
0.02543       13258617.62739
0.03032       1621061.25068 
0.03521       274226.29422  
0.04009       59490.53455   
0.04498       15813.35316   
0.04987       5005.58727    
0.05475       1848.63235    
0.05964       781.51175     
0.06453       370.20447     
0.06941       191.82230     
0.07430       105.97528     
0.07919       60.80583      
0.08407       35.20435      
0.08896       19.78533      
0.09385       10.03199      
0.09873       3.61325       
0.10362       -0.41335      
0.10851       -3.18980      
0.11339       -5.21313      
0.11828       -6.70758      
0.12317       -7.79142      
0.12805       -8.75530      
0.13294       -9.67828      
0.13783       -10.56840     
0.14271       -11.40190     
0.14760       -12.16595     
0.15248       -12.85554     
0.15737       -13.46352     
0.16226       -13.98229     
0.16714       -14.41591     
0.17203       -14.75482     
0.17692       -15.00359     
0.18180       -15.15750     
0.18669       -15.22473     
0.19158       -15.20612     
0.19646       -15.11061     
0.20135       -14.94540     
0.20624       -14.71868     
0.21112       -14.44104     
0.21601       -14.11885     
0.22090       -13.76572     
0.22578       -13.39204     
0.23067       -13.00645     
0.23556       -12.61615     
0.24044       -12.22891     
0.24533       -11.85084     
0.25022       -11.48549     
0.25510       -11.13573     
0.25999       -10.80484     
0.26488       -10.49142     
0.26976       -10.19725     
0.27465       -9.91961      
0.27954       -9.65928      
0.28442       -9.41333      
0.28931       -9.18054      
0.29420       -8.95906      
0.29908       -8.74682      
0.30397       -8.54267      
0.30886       -8.34449      
0.31374       -8.15180      
0.31863       -7.96338      
0.32352       -7.77844      
0.32840       -7.59630      
0.33329       -7.41648      
0.33818       -7.23905      
0.34306       -7.06468      
0.34795       -6.89307      
0.35284       -6.72448      
0.35772       -6.55920      
0.36261       -6.39731      
0.36750       -6.23850      
0.37238       -6.08236      
0.37727       -5.92925      
0.38216       -5.77940      
0.38704       -5.63258      
0.39193       -5.48834      
0.39682       -5.34673      
0.40170       -5.20764      
0.40659       -5.07086      
0.41148       -4.93634      
0.41636       -4.80405      
0.42125       -4.67325      
0.42613       -4.54431      
0.43102       -4.41646      
0.43591       -4.28975      
0.44079       -4.16456      
0.44568       -4.03988      
0.45057       -3.91721      
0.45545       -3.79476      
0.46034       -3.67326      
0.46523       -3.55346      
0.47011       -3.43521      
0.47500       -3.31737      
0.47989       -3.20160      
0.48477       -3.08729      
0.48966       -2.97535      
0.49455       -2.86538      
0.49943       -2.75831      
0.50432       -2.65415      
0.50921       -2.55327      
0.51409       -2.45564      
0.51898       -2.36250      
0.52387       -2.27369      
0.52875       -2.18936      
0.53364       -2.10960      
0.53853       -2.03486      
0.54341       -1.96490      
0.54830       -1.89962      
0.55319       -1.83923      
0.55807       -1.78384      
0.56296       -1.73250      
0.56785       -1.68551      
0.57273       -1.64298      
0.57762       -1.60450      
0.58251       -1.56957      
0.58739       -1.53858      
0.59228       -1.51046      
0.59717       -1.48536      
0.60205       -1.46293      
0.60694       -1.44268      
0.61183       -1.42478      
0.61671       -1.40876      
0.62160       -1.39396      
0.62649       -1.38070      
0.63137       -1.36853      
0.63626       -1.35709      
0.64115       -1.34637      
0.64603       -1.33617      
0.65092       -1.32598      
0.65581       -1.31616      
0.66069       -1.30603      
0.66558       -1.29568      
0.67047       -1.28495      
0.67535       -1.27340      
0.68024       -1.26153      
0.68513       -1.24894      
0.69001       -1.23545      
0.69490       -1.22124      
0.69978       -1.20669      
0.70467       -1.19100      
0.70956       -1.17472      
0.71444       -1.15795      
0.71933       -1.14036      
0.72422       -1.12207      
0.72910       -1.10350      
0.73399       -1.08489      
0.73888       -1.06594      
0.74376       -1.04662      
0.74865       -1.02737      
0.75354       -1.00801      
0.75842       -0.98872      
0.76331       -0.96945      
0.76820       -0.95057      
0.77308       -0.93208      
0.77797       -0.91341      
0.78286       -0.89512      
0.78774       -0.87684      
0.79263       -0.85926      
0.79752       -0.84194      
0.80240       -0.82489      
0.80729       -0.80852      
0.81218       -0.79255      
0.81706       -0.77698      
0.82195       -0.76196      
0.82684       -0.74731      
0.83172       -0.73325      
0.83661       -0.71989      
0.84150       -0.70716      
0.84638       -0.69498      
0.85127       -0.68339      
0.85616       -0.67278      
0.86104       -0.66253      
0.86593       -0.65322      
0.87082       -0.64430      
0.87570       -0.63604      
0.88059       -0.62863      
0.88548       -0.62133      
0.89036       -0.61488      
0.89525       -0.60883      
0.90014       -0.60302      
0.90502       -0.59756      
0.90991       -0.59249      
0.91480       -0.58745      
0.91968       -0.58256      
0.92457       -0.57772      
0.92946       -0.57283      
0.93434       -0.56787      
0.93923       -0.56294      
0.94412       -0.55766      
0.94900       -0.55240      
0.95389       -0.54678      
0.95878       -0.54124      
0.96366       -0.53550      
0.96855       -0.52942      
0.97343       -0.52298      
0.97832       -0.51695      
0.98321       -0.51053      
0.98809       -0.50400      
0.99298       -0.49750      
0.99787       -0.49066      
1.00275       -0.48384      
1.00764       -0.47705      
1.01253       -0.47028      
1.01741       -0.46347      
1.02230       -0.45646      
1.02719       -0.44975      
1.03207       -0.44255      
1.03696       -0.43539      
1.04185       -0.42841      
1.04673       -0.42115      
1.05162       -0.41407      
1.05651       -0.40665      
1.06139       -0.39963      
1.06628       -0.39227      
1.07117       -0.38494      
1.07605       -0.37764      
1.08094       -0.37037      
1.08583       -0.36313      
1.09071       -0.35630      
1.09560       -0.34913      
1.10049       -0.34227      
1.10537       -0.33532      
1.11026       -0.32855      
1.11515       -0.32191      
1.12003       -0.31561      
1.12492       -0.30937      
1.12981       -0.30296      
1.13469       -0.29696      
1.13958       -0.29110      
1.14447       -0.28544      
1.14935       -0.27991      
1.15424       -0.27442      
1.15913       -0.26933      
1.16401       -0.26409      
1.16890       -0.25924      
1.17379       -0.25442      
1.17867       -0.24995      
1.18356       -0.24536      
1.18845       -0.24128      
1.19333       -0.23703      
1.19822       -0.23329      
1.20311       -0.22959      
1.20799       -0.22629      
1.21288       -0.22300      
1.21777       -0.21979      
1.22265       -0.21690      
1.22754       -0.21390      
1.23243       -0.21130      
1.23731       -0.20874      
1.24220       -0.20621      
1.24709       -0.20371      
1.25197       -0.20162      
1.25686       -0.19918      
1.26174       -0.19715      
1.26663       -0.19478      
1.27152       -0.19254      
1.27640       -0.19050      
1.28129       -0.18823      
1.28618       -0.18598      
1.29106       -0.18375      
1.29595       -0.18120      
1.30084       -0.17904      
1.30572       -0.17654      
1.31061       -0.17407      
1.31550       -0.17125      
1.32038       -0.16858      
1.32527       -0.16566      
1.33016       -0.16276      
1.33504       -0.15989      
1.33993       -0.15688      
1.34482       -0.15387      
1.34970       -0.15072      
1.35459       -0.14767      
1.35948       -0.14449      
1.36436       -0.14179      
1.36925       -0.13875      
1.37414       -0.13610      
1.37902       -0.13349      
1.38391       -0.13127      
1.38880       -0.12941      
1.39368       -0.12792      
1.39857       -0.12715      
1.40346       -0.13622      
1.40834       -0.13467      
1.41323       -0.13314      
1.41812       -0.13163      
1.42300       -0.13015      
1.42789       -0.12868      
1.43278       -0.12724      
1.43766       -0.12583      
1.44255       -0.12443      
1.44744       -0.12305      
1.45232       -0.12170      
1.45721       -0.12036      
1.46210       -0.11905      
1.46698       -0.11775      
1.47187       -0.11647      
1.47676       -0.11521      
1.48164       -0.11397      
1.48653       -0.11275      
1.49142       -0.11154      
1.49630       -0.11036      
1.50119       -0.10919      
1.50608       -0.10803      
1.51096       -0.10689      
1.51585       -0.10577      
1.52074       -0.10466      
1.52562       -0.10357      
1.53051       -0.10250      
1.53539       -0.10143      
1.54028       -0.10039      
1.54517       -0.09936      
1.55005       -0.09834      
1.55494       -0.09734      
1.55983       -0.09634      
1.56471       -0.09537      
1.56960       -0.09440      
1.57449       -0.09345      
1.57937       -0.09252      
1.58426       -0.09159      
1.58915       -0.09068      
1.59403       -0.08978      
1.59892       -0.08889      
1.60381       -0.08801      
1.60869       -0.08715      
1.61358       -0.08629      
1.61847       -0.08545      
1.62335       -0.08462      
1.62824       -0.08380      
1.63313       -0.08299      
1.63801       -0.08219      
1.64290       -0.08140      
1.64779       -0.08062      
1.65267       -0.07985      
1.65756       -0.07909      
1.66245       -0.07834      
1.66733       -0.07760      
1.67222       -0.07686      
1.67711       -0.07614      
1.68199       -0.07543      
1.68688       -0.07472      
1.69177       -0.07403      
1.69665       -0.07334      
1.70154       -0.07266      
1.70643       -0.07199      
1.71131       -0.07133      
1.71620       -0.07068      
1.72109       -0.07003      
1.72597       -0.06939      
1.73086       -0.06876      
1.73575       -0.06814      
1.74063       -0.06753      
1.74552       -0.06692      
1.75041       -0.06632      
1.75529       -0.06572      
1.76018       -0.06514      
1.76507       -0.06456      
1.76995       -0.06399      
1.77484       -0.06342      
1.77973       -0.06286      
1.78461       -0.06231      
1.78950       -0.06176      
1.79439       -0.06122      
1.79927       -0.06069      
1.80416       -0.06016      
1.80904       -0.05964      
1.81393       -0.05913      
1.81882       -0.05862      
1.82370       -0.05811      
1.82859       -0.05762      
1.83348       -0.05712      
1.83836       -0.05664      
1.84325       -0.05616      
1.84814       -0.05568      
1.85302       -0.05521      
1.85791       -0.05475      
1.86280       -0.05429      
1.86768       -0.05383      
1.87257       -0.05338      
1.87746       -0.05294      
1.88234       -0.05250      
1.88723       -0.05206      
1.89212       -0.05163      
1.89700       -0.05121      
1.90189       -0.05079      
1.90678       -0.05037      
1.91166       -0.04996      
1.91655       -0.04955      
1.92144       -0.04915      
1.92632       -0.04875      
1.93121       -0.04836      
1.93610       -0.04797      
1.94098       -0.04758      
1.94587       -0.04720      
1.95076       -0.04682      
1.95564       -0.04645      
1.96053       -0.04608      
1.96542       -0.04571      
1.97030       -0.04535      
1.97519       -0.04499      
1.98008       -0.04464      
1.98496       -0.04429      
1.98985       -0.04394      
1.99474       -0.04360      
1.99962       -0.04326      
2.00451       -0.04292      
2.00940       -0.04259      
2.01428       -0.04226      
2.01917       -0.04193      
2.02406       -0.04161      
2.02894       -0.04129      
2.03383       -0.04098      
2.03872       -0.04066      
2.04360       -0.04035      
2.04849       -0.04005      
2.05338       -0.03974      
2.05826       -0.03944      
2.06315       -0.03915      
2.06804       -0.03885      
2.07292       -0.03856      
2.07781       -0.03827      
2.08270       -0.03798      
2.08758       -0.03770      
2.09247       -0.03742      
2.09735       -0.03714      
2.10224       -0.03687      
2.10713       -0.03660      
2.11201       -0.03633      
2.11690       -0.03606      
2.12179       -0.03580      
2.12667       -0.03554      
2.13156       -0.03528      
2.13645       -0.03502      
2.14133       -0.03477      
2.14622       -0.03451      
2.15111       -0.03426      
2.15599       -0.03402      
2.16088       -0.03377      
2.16577       -0.03353      
2.17065       -0.03329      
2.17554       -0.03305      
2.18043       -0.03282      
2.18531       -0.03258      
2.19020       -0.03235      
2.19509       -0.03212      
2.19997       -0.03190      
2.20486       -0.03167      
2.20975       -0.03145      
2.21463       -0.03123      
2.21952       -0.03101      
2.22441       -0.03080      
2.22929       -0.03058      
2.23418       -0.03037      
2.23907       -0.03016      
2.24395       -0.02995      
2.24884       -0.02974      
2.25373       -0.02954      
2.25861       -0.02934      
2.26350       -0.02913      
2.26839       -0.02893      
2.27327       -0.02874      
2.27816       -0.02854      
2.28305       -0.02835      
2.28793       -0.02816      
2.29282       -0.02797      
2.29771       -0.02778      
2.30259       -0.02759      
2.30748       -0.02740      
2.31237       -0.02722      
2.31725       -0.02704      
2.32214       -0.02686      
2.32703       -0.02668      
2.33191       -0.02650      
2.33680       -0.02633      
2.34169       -0.02615      
2.34657       -0.02598      
2.35146       -0.02581      
2.35635       -0.02564      
2.36123       -0.02547      
2.36612       -0.02530      
2.37100       -0.02514      
2.37589       -0.02497      
2.38078       -0.02481      
2.38566       -0.02465      
2.39055       -0.02449      
2.39544       -0.02433      
2.40032       -0.02417      
2.40521       -0.02402      
2.41010       -0.02386      
2.41498       -0.02371      
2.41987       -0.02356      
2.42476       -0.02341      
2.42964       -0.02326      
2.43453       -0.02311      
2.43942       -0.02296      
2.44430       -0.02282      
2.44919       -0.02267      
2.45408       -0.02253      
2.45896       -0.02239      
2.46385       -0.02225      
2.46874       -0.02211      
2.47362       -0.02197      
2.47851       -0.02183      
2.48340       -0.02170      
2.48828       -0.02156      
2.49317       -0.02143      
2.49806       -0.02130      
2.50294       -0.02116      
2.50783       -0.02103      
2.51272       -0.02090      
2.51760       -0.02078      
2.52249       -0.02065      
2.52738       -0.02052      
2.53226       -0.02040      
2.53715       -0.02027      
2.54204       -0.02015      
2.54692       -0.02003      
2.55181       -0.01990      
2.55670       -0.01978      
2.56158       -0.01966      
2.56647       -0.01955      
2.57136       -0.01943      
2.57624       -0.01931      
2.58113       -0.01920      
2.58602       -0.01908      
2.59090       -0.01897      
2.59579       -0.01885      
2.60068       -0.01874      
2.60556       -0.01863      
2.61045       -0.01852      
2.61534       -0.01841      
2.62022       -0.01830      
2.62511       -0.01819      
2.63000       -0.01809      
2.63488       -0.01798      
2.63977       -0.01787      
2.64465       -0.01777      
2.64954       -0.01767      
2.65443       -0.01756      
2.65931       -0.01746      
2.66420       -0.01736      
2.66909       -0.01726      
2.67397       -0.01716      
2.67886       -0.01706      
2.68375       -0.01696      
2.68863       -0.01686      
2.69352       -0.01677      
2.69841       -0.01667      
2.70329       -0.01658      
2.70818       -0.01648      
2.71307       -0.01639      
2.71795       -0.01629      
2.72284       -0.01620      
2.72773       -0.01611      
2.73261       -0.01602      
2.73750       -0.01593      
2.74239       -0.01584      
2.74727       -0.01575      
2.75216       -0.01566      
2.75705       -0.01557      
2.76193       -0.01548      
2.76682       -0.01540      
2.77171       -0.01531      
2.77659       -0.01523      
2.78148       -0.01514      
2.78637       -0.01506      
2.79125       -0.01497      
2.79614       -0.01489      
2.80103       -0.01481      
2.80591       -0.01473      
2.81080       -0.01465      
2.81569       -0.01457      
2.82057       -0.01449      
2.82546       -0.01441      
2.83035       -0.01433      
2.83523       -0.01425      
2.84012       -0.01417      
2.84501       -0.01409      
2.84989       -0.01402      
2.85478       -0.01394      
2.85967       -0.01387      
2.86455       -0.01379      
2.86944       -0.01372      
2.87433       -0.01364      
2.87921       -0.01357      
2.88410       -0.01350      
2.88899       -0.01343      
2.89387       -0.01335      
2.89876       -0.01328      
2.90365       -0.01321      
2.90853       -0.01314      
2.91342       -0.01307      
2.91830       -0.01300      
2.92319       -0.01293      
2.92808       -0.01286      
2.93296       -0.01280      
2.93785       -0.01273      
2.94274       -0.01266      
2.94762       -0.01260      
2.95251       -0.01253      
2.95740       -0.01246      
2.96228       -0.01240      
2.96717       -0.01233      
2.97206       -0.01227      
2.97694       -0.01221      
2.98183       -0.01214      
2.98672       -0.01208      
2.99160       -0.01202      
2.99649       -0.01196      
3.00138       -0.01189      
3.00626       -0.01183      
3.01115       -0.01177      
3.01604       -0.01171      
3.02092       -0.01165      
3.02581       -0.01159      
3.03070       -0.01153      
3.03558       -0.01147      
3.04047       -0.01142      
3.04536       -0.01136      
3.05024       -0.01130      
3.05513       -0.01124      
3.06002       -0.01119      
3.06490       -0.01113      
3.06979       -0.01107      
3.07468       -0.01102      
3.07956       -0.01096      
3.08445       -0.01091      
3.08934       -0.01085      
3.09422       -0.01080      
3.09911       -0.01074      
3.10400       -0.01069      
3.10888       -0.01064      
3.11377       -0.01058      
3.11866       -0.01053      
3.12354       -0.01048      
3.12843       -0.01043      
3.13332       -0.01038      
3.13820       -0.01033      
3.14309       -0.01027      
3.14798       -0.01022      
3.15286       -0.01017      
3.15775       -0.01012      
3.16264       -0.01007      
3.16752       -0.01002      
3.17241       -0.00998      
3.17730       -0.00993      
3.18218       -0.00988      
3.18707       -0.00983      
3.19196       -0.00978      
3.19684       -0.00974      
3.20173       -0.00969      
3.20661       -0.00964      
3.21150       -0.00960      
3.21639       -0.00955      
3.22127       -0.00950      
3.22616       -0.00946      
3.23105       -0.00941      
3.23593       -0.00937      
3.24082       -0.00932      
3.24571       -0.00928      
3.25059       -0.00923      
3.25548       -0.00919      
3.26037       -0.00915      
3.26525       -0.00910      
3.27014       -0.00906      
3.27503       -0.00902      
3.27991       -0.00897      
3.28480       -0.00893      
3.28969       -0.00889      
3.29457       -0.00885      
3.29946       -0.00881      
3.30435       -0.00877      
3.30923       -0.00872      
3.31412       -0.00868      
3.31901       -0.00864      
3.32389       -0.00860      
3.32878       -0.00856      
3.33367       -0.00852      
3.33855       -0.00848      
3.34344       -0.00844      
3.34833       -0.00840      
3.35321       -0.00837      
3.35810       -0.00833      
3.36299       -0.00829      
3.36787       -0.00825      
3.37276       -0.00821      
3.37765       -0.00818      
3.38253       -0.00814      
3.38742       -0.00810      
3.39231       -0.00806      
3.39719       -0.00803      
3.40208       -0.00799      
3.40697       -0.00795      
3.41185       -0.00792      
3.41674       -0.00788      
3.42163       -0.00785      
3.42651       -0.00781      
3.43140       -0.00778      
3.43629       -0.00774      
3.44117       -0.00771      
3.44606       -0.00767      
3.45095       -0.00764      
3.45583       -0.00760      
3.46072       -0.00757      
3.46561       -0.00753      
3.47049       -0.00750      
3.47538       -0.00747      
3.48026       -0.00743      
3.48515       -0.00740      
3.49004       -0.00737      
3.49492       -0.00733      
3.49981       -0.00730      
3.50470       -0.00727      
3.50958       -0.00724      
3.51447       -0.00721      
3.51936       -0.00717      
3.52424       -0.00714      
3.52913       -0.00711      
3.53402       -0.00708      
3.53890       -0.00705      
3.54379       -0.00702      
3.54868       -0.00699      
3.55356       -0.00696      
3.55845       -0.00693      
3.56334       -0.00690      
3.56822       -0.00687      
3.57311       -0.00684      
3.57800       -0.00681      
3.58288       -0.00678      
3.58777       -0.00675      
3.59266       -0.00672      
3.59754       -0.00669      
3.60243       -0.00666      
3.60732       -0.00663      
3.61220       -0.00660      
3.61709       -0.00658      
3.62198       -0.00655      
3.62686       -0.00652      
3.63175       -0.00649      
3.63664       -0.00646      
3.64152       -0.00644      
3.64641       -0.00641      
3.65130       -0.00638      
3.65618       -0.00635      
3.66107       -0.00633      
3.66596       -0.00630      
3.67084       -0.00627      
3.67573       -0.00625      
3.68062       -0.00622      
3.68550       -0.00619      
3.69039       -0.00617      
3.69528       -0.00614      
3.70016       -0.00612      
3.70505       -0.00609      
3.70994       -0.00607      
3.71482       -0.00604      
3.71971       -0.00602      
3.72460       -0.00599      
3.72948       -0.00597      
3.73437       -0.00594      
3.73926       -0.00592      
3.74414       -0.00589      
3.74903       -0.00587      
3.75391       -0.00584      
3.75880       -0.00582      
3.76369       -0.00579      
3.76857       -0.00577      
3.77346       -0.00575      
3.77835       -0.00572      
3.78323       -0.00570      
3.78812       -0.00568      
3.79301       -0.00565      
3.79789       -0.00563      
3.80278       -0.00561      
3.80767       -0.00558      
3.81255       -0.00556      
3.81744       -0.00554      
3.82233       -0.00552      
3.82721       -0.00549      
3.83210       -0.00547      
3.83699       -0.00545      
3.84187       -0.00543      
3.84676       -0.00541      
3.85165       -0.00538      
3.85653       -0.00536      
3.86142       -0.00534      
3.86631       -0.00532      
3.87119       -0.00530      
3.87608       -0.00528      
3.88097       -0.00525      
3.88585       -0.00523      
3.89074       -0.00521      
3.89563       -0.00519      
3.90051       -0.00517      
3.90540       -0.00515      
3.91029       -0.00513      
3.91517       -0.00511      
3.92006       -0.00509      
3.92495       -0.00507      
3.92983       -0.00505      
3.93472       -0.00503      
3.93961       -0.00501      
3.94449       -0.00499      
3.94938       -0.00497      
3.95427       -0.00495      
3.95915       -0.00493      
3.96404       -0.00491      
3.96893       -0.00489      
3.97381       -0.00487      
3.97870       -0.00485      
3.98359       -0.00484      
3.98847       -0.00482      
3.99336       -0.00480      
3.99825       -0.00478      
4.00313       -0.00476      
4.00802       -0.00474      
4.01291       -0.00472      
4.01779       -0.00471      
4.02268       -0.00469      
4.02757       -0.00467      
4.03245       -0.00465      
4.03734       -0.00463      
4.04222       -0.00462      
4.04711       -0.00460      
4.05200       -0.00458      
4.05688       -0.00456      
4.06177       -0.00454      
4.06666       -0.00453      
4.07154       -0.00451      
4.07643       -0.00449      
4.08132       -0.00448      
4.08620       -0.00446      
4.09109       -0.00444      
4.09598       -0.00442      
4.10086       -0.00441      
4.10575       -0.00439      
4.11064       -0.00437      
4.11552       -0.00436      
4.12041       -0.00434      
4.12530       -0.00432      
4.13018       -0.00431      
4.13507       -0.00429      
4.13996       -0.00428      
4.14484       -0.00426      
4.14973       -0.00424      
4.15462       -0.00423      
4.15950       -0.00421      
4.16439       -0.00420      
4.16928       -0.00418      
4.17416       -0.00417      
4.17905       -0.00415      
4.18394       -0.00413      
4.18882       -0.00412      
4.19371       -0.00410      
4.19860       -0.00409      
4.20348       -0.00407      
4.20837       -0.00406      
4.21326       -0.00404      
4.21814       -0.00403      
4.22303       -0.00401      
4.22792       -0.00400      
4.23280       -0.00398      
4.23769       -0.00397      
4.24258       -0.00395      
4.24746       -0.00394      
4.25235       -0.00393      
4.25724       -0.00391      
4.26212       -0.00390      
4.26701       -0.00388      
4.27190       -0.00387      
4.27678       -0.00385      
4.28167       -0.00384      
4.28656       -0.00383      
4.29144       -0.00381      
4.29633       -0.00380      
4.30122       -0.00378      
4.30610       -0.00377      
4.31099       -0.00376      
4.31587       -0.00374      
4.32076       -0.00373      
4.32565       -0.00372      
4.33053       -0.00370      
4.33542       -0.00369      
4.34031       -0.00368      
4.34519       -0.00366      
4.35008       -0.00365      
4.35497       -0.00364      
4.35985       -0.00362      
4.36474       -0.00361      
4.36963       -0.00360      
4.37451       -0.00359      
4.37940       -0.00357      
4.38429       -0.00356      
4.38917       -0.00355      
4.39406       -0.00353      
4.39895       -0.00352      
4.40383       -0.00351      
4.40872       -0.00350      
4.41361       -0.00348      
4.41849       -0.00347      
4.42338       -0.00346      
4.42827       -0.00345      
4.43315       -0.00344      
4.43804       -0.00342      
4.44293       -0.00341      
4.44781       -0.00340      
4.45270       -0.00339      
4.45759       -0.00338      
4.46247       -0.00336      
4.46736       -0.00335      
4.47225       -0.00334      
4.47713       -0.00333      
4.48202       -0.00332      
4.48691       -0.00331      
4.49179       -0.00329      
4.49668       -0.00328      
4.50157       -0.00327      
4.50645       -0.00326      
4.51134       -0.00325      
4.51623       -0.00324      
4.52111       -0.00323      
4.52600       -0.00322      
4.53089       -0.00320      
4.53577       -0.00319      
4.54066       -0.00318      
4.54555       -0.00317      
4.55043       -0.00316      
4.55532       -0.00315      
4.56021       -0.00314      
4.56509       -0.00313      
4.56998       -0.00312      
4.57487       -0.00311      
4.57975       -0.00310      
4.58464       -0.00309      
4.58952       -0.00307      
4.59441       -0.00306      
4.59930       -0.00305      
4.60418       -0.00304      
4.60907       -0.00303      
4.61396       -0.00302      
4.61884       -0.00301      
4.62373       -0.00300      
4.62862       -0.00299      
4.63350       -0.00298      
4.63839       -0.00297      
4.64328       -0.00296      
4.64816       -0.00295      
4.65305       -0.00294      
4.65794       -0.00293      
4.66282       -0.00292      
4.66771       -0.00291      
4.67260       -0.00290      
4.67748       -0.00289      
4.68237       -0.00288      
4.68726       -0.00287      
4.69214       -0.00286      
4.69703       -0.00285      
4.70192       -0.00285      
4.70680       -0.00284      
4.71169       -0.00283      
4.71658       -0.00282      
4.72146       -0.00281      
4.72635       -0.00280      
4.73124       -0.00279      
4.73612       -0.00278      
4.74101       -0.00277      
4.74590       -0.00276      
4.75078       -0.00275      
4.75567       -0.00274      
4.76056       -0.00273      
4.76544       -0.00273      
4.77033       -0.00272      
4.77522       -0.00271      
4.78010       -0.00270      
4.78499       -0.00269      
4.78988       -0.00268      
4.79476       -0.00267      
4.79965       -0.00266      
4.80454       -0.00265      
4.80942       -0.00265      
4.81431       -0.00264      
4.81920       -0.00263      
4.82408       -0.00262      
4.82897       -0.00261      
4.83386       -0.00260      
4.83874       -0.00259      
4.84363       -0.00259      
4.84852       -0.00258      
4.85340       -0.00257      
4.85829       -0.00256      
4.86317       -0.00255      
4.86806       -0.00254      
4.87295       -0.00254      
4.87783       -0.00253      
4.88272       -0.00252      
4.88761       -0.00251      
4.89249       -0.00250      
4.89738       -0.00250      
4.90227       -0.00249      
4.90715       -0.00248      
4.91204       -0.00247      
4.91693       -0.00246      
4.92181       -0.00246      
4.92670       -0.00245      
4.93159       -0.00244      
4.93647       -0.00243      
4.94136       -0.00243      
4.94625       -0.00242      
4.95113       -0.00241      
4.95602       -0.00240      
4.96091       -0.00239      
4.96579       -0.00239      
4.97068       -0.00238      
4.97557       -0.00237      
4.98045       -0.00236      
4.98534       -0.00236      
4.99023       -0.00235      
4.99511       -0.00234      
5.00000       -0.00234      
